13.12
12.87
9.23
12.67
12.00
12.02
12.86
10.77
11.34
15.46
9.82
9.50
10.40
10.85
12.64
11.91
12.25
13.05
12.06
12.04
12.72
13.12
10.65
11.97
16.54
12.09
10.48
12.11
11.97
13.46
11.45
10.00
12.74
11.02
12.04
9.70
9.98
13.42
12.18
8.66
13.00
11.65
12.37
13.32
11.36
14.00
11.56
9.82
11.76
12.96
9.67
11.30
14.81
10.41
10.94
11.70
13.88
15.16
10.55
11.27
13.62
11.72
12.34
13.39
9.63
10.64
12.57
14.23
13.55
16.43
11.75
11.29
13.87
11.45
10.14
12.63
13.75
8.75
15.13
10.99
11.41
11.39
10.76
12.27
10.84
9.35
13.05
12.96
9.98
12.44
12.59
11.97
13.42
10.39
9.26
11.27
11.98
11.72
12.30
11.86
8.94
13.24
13.42
13.10
11.22
11.34
10.28
11.85
15.06
11.32
12.42
10.24
12.72
8.87
12.97
13.17
10.11
13.85
12.09
10.80
12.56
11.39
12.36
11.72
13.41
11.43
14.92
12.16
11.20
10.49
12.25
10.56
12.57
11.85
13.54
11.30
14.32
13.12
13.32
12.82
10.52
12.78
12.32
9.96
11.89
10.82
10.58
12.19
10.05
11.05
8.53
10.10
11.50
10.52
11.48
11.49
9.12
14.88
14.37
13.18
11.87
14.08
12.51
11.72
15.22
12.29
16.73
14.33
12.45
11.69
12.19
10.66
12.65
10.90
12.00
11.23
13.13
12.99
13.60
12.89
9.79
11.19
7.43
10.18
9.86
15.54
10.33
13.69
11.66
12.55
12.16
11.96
12.61
11.77
13.90
9.75
12.53
12.89
12.43
14.68
11.30
11.10
11.50
12.10
12.45
10.76
11.35
11.15
13.95
14.52
14.78
7.95
12.78
12.28
10.12
13.58
13.44
14.12
10.45
11.04
11.59
10.47
10.57
13.51
10.25
11.15
10.11
13.77
13.14
13.02
10.24
12.61
13.06
7.88
14.38
8.83
11.61
9.83
11.02
13.21
7.90
10.08
13.82
14.07
13.50
12.42
12.81
9.33
11.54
14.45
14.67
12.44
11.87
8.76
6.87
9.71
14.16
8.93
12.63
11.04
10.76
14.93
14.22
13.59
11.27
13.18
11.36
12.26
13.56
12.80
9.90
10.23
13.93
9.06
10.59
13.53
11.63
12.37
11.75
9.77
12.00
9.79
12.18
11.03
12.88
13.78
12.00
11.58
8.84
14.50
13.27
12.75
12.54
9.02
13.33
11.53
11.04
13.52
11.05
11.43
11.39
12.14
12.24
14.15
10.49
10.47
11.21
12.62
12.50
11.25
12.22
9.30
12.53
10.80
13.13
12.38
11.37
11.03
11.26
13.39
13.32
12.59
11.10
13.01
12.22
9.92
11.32
11.77
11.66
10.90
12.14
9.67
12.33
10.77
12.04
14.99
10.36
13.75
12.88
12.53
10.65
12.53
12.48
11.71
12.91
11.34
11.30
11.90
11.66
12.03
11.43
12.32
11.33
12.91
10.71
8.55
13.00
13.25
10.77
9.80
12.73
11.14
9.77
11.33
10.84
13.95
11.65
11.95
11.18
10.56
10.09
12.40
10.79
14.01
8.27
14.18
11.87
14.51
10.89
11.59
13.74
11.71
12.67
12.66
12.65
9.95
13.87
12.10
14.62
16.06
11.70
11.25
12.34
15.25
13.77
12.24
14.35
12.20
14.66
12.67
12.78
8.98
11.66
9.91
14.04
11.82
11.95
12.00
14.32
12.19
9.03
12.69
10.23
11.24
13.91
13.59
10.69
10.75
11.65
11.64
9.75
12.74
10.43
10.60
8.94
13.42
9.55
15.27
8.38
13.67
11.89
11.51
9.10
15.24
12.21
10.65
13.31
11.49
11.01
11.47
12.01
13.04
10.89
13.74
13.01
10.75
11.86
13.06
10.00
11.09
9.98
14.08
11.52
12.69
9.87
11.01
14.32
8.00
12.56
12.21
8.37
11.97
11.24
14.23
11.93
10.77
13.28
11.54
10.77
12.22
13.03
9.97
11.84
12.39
12.31
10.69
15.68
13.29
12.07
12.99
14.10
10.16
9.70
13.06
12.51
13.14
14.88
11.21
10.08
12.42
15.35
12.45
10.75
11.21
14.58
10.61
13.50
10.02
14.68
13.58
13.63
12.88
13.54
12.52
13.52
9.59
12.15
13.80
11.87
9.54
11.89
11.32
12.70
10.73
10.86
15.49
11.47
11.55
12.51
10.54
10.96
10.79
11.93
12.82
13.53
11.08
12.85
11.29
12.28
10.51
10.92
9.48
16.01
11.14
10.40
11.80
15.32
10.49
11.34
8.77
10.32
11.58
13.38
16.87
12.98
12.20
12.69
13.36
9.82
13.35
12.73
11.70
11.44
14.19
11.28
14.18
11.08
11.60
9.40
16.16
11.77
10.90
11.32
12.19
13.29
13.03
13.03
12.87
12.22
10.44
15.45
12.72
15.06
11.40
13.32
11.84
10.92
13.01
13.71
13.55
10.29
7.01
7.44
12.82
12.66
10.47
12.38
13.87
14.15
12.05
13.43
10.04
11.75
13.01
13.57
13.76
7.65
11.05
10.72
10.12
14.26
13.03
11.47
13.36
9.70
11.97
12.98
12.96
14.14
14.30
11.84
10.54
11.42
11.82
11.36
12.49
11.22
12.02
9.17
7.36
14.46
14.52
14.19
12.61
12.74
12.86
13.62
8.67
12.85
13.11
12.41
13.22
11.02
11.11
13.45
13.75
11.46
11.52
11.47
11.48
12.71
10.85
12.23
10.18
11.38
9.19
12.76
15.01
12.09
12.50
14.43
11.28
9.40
15.01
10.35
13.21
11.55
10.63
14.36
14.69
11.84
12.02
9.92
14.81
16.74
14.04
12.85
13.38
15.42
13.50
12.29
13.32
12.88
13.18
12.47
12.19
11.67
11.73
12.31
12.19
10.85
11.58
13.45
10.77
12.82
11.36
9.29
12.58
12.30
12.33
13.76
9.87
11.90
12.74
13.15
11.06
9.78
13.27
14.34
13.13
12.80
9.94
12.85
11.70
13.30
12.00
13.86
12.27
10.39
10.73
11.76
13.40
8.39
12.46
12.47
12.40
11.53
10.97
12.27
11.53
12.48
11.39
12.31
14.47
13.31
10.03
10.68
13.24
12.49
10.11
10.96
10.96
10.80
11.82
13.84
12.08
9.44
13.54
11.23
10.56
12.81
12.69
12.40
13.59
9.68
10.85
11.93
12.47
13.98
10.38
12.14
8.65
13.60
11.73
11.99
12.69
9.09
10.70
9.97
11.88
11.00
11.43
9.71
12.04
13.17
10.77
15.65
10.49
12.62
10.76
12.08
14.77
11.08
10.47
14.10
12.93
13.05
11.36
10.50
11.68
11.73
12.12
9.70
10.49
11.73
14.62
13.34
11.12
10.28
9.89
12.85
13.81
11.48
13.42
12.22
8.27
12.12
11.72
12.30
11.08
12.59
11.55
10.96
8.22
10.14
13.35
12.72
12.61
12.76
12.76
10.51
11.58
13.40
13.20
11.80
8.97
11.80
13.23
11.43
13.84
10.24
13.31
12.52
12.13
11.56
11.34
11.47
11.03
13.06
11.98
15.04
10.21
13.36
13.01
12.80
9.13
10.59
7.55
12.75
13.04
11.68
12.06
9.30
10.86
14.08
8.34
13.71
11.74
11.38
11.09
11.81
12.47
12.92
13.28
11.08
12.26
9.65
12.67
11.91
16.72
12.42
13.77
10.34
7.67
11.25
13.49
9.70
15.15
10.45
12.19
9.98
17.37
11.99
12.57
15.41
13.34
12.54
12.04
11.25
13.48
9.81
11.76
13.34
12.95
11.43
12.92
10.83
11.24
9.36
12.01
11.83
9.87
12.65
9.74
12.95
8.97
12.33
10.88
12.46
12.72
13.65
10.93
10.52
11.26
13.32
13.87
8.39
9.21
7.68
12.37
13.51
11.36
13.17
11.89
11.23
13.67
11.05
14.90
15.20
11.14
10.86
11.24
12.32
11.42
11.22
12.98
12.78
12.58
12.13
12.90
11.63
14.78
10.25
14.47
11.30
10.79
11.91
14.81
10.73
12.68
12.12
10.93
13.17
13.70
13.52
12.06
9.15
10.33
13.48
10.82
13.00
13.14
13.97
13.58
14.28
13.02
13.67
11.10
11.51
10.71
13.30
11.96
14.39
11.76
11.81
11.27
15.13
12.00
12.66
11.89
13.39
11.80
13.11
12.78
12.58
13.14
13.57
11.05
10.21
10.38
10.04
12.76
10.96
17.51
13.00
11.96
10.11
14.47
10.95
12.26
13.83
9.25
15.05
10.57
9.52
9.79
11.53
13.08
12.90
14.10
